BST session 1 hidden testcases
==============================

TESTCASE 5:
INPUT:
41 9
56 74 88 50 31 9 69 46 4 49 20 67 41 93 71 15 62 23 32 14 28 26 39 21 32 94 88 92 69 36 18 6 89 55 15 1 17 69 43 98 48 
1 R
41 L
31 L
18 L
21 R
32 L
26 L
92 L
74 R

OUTPUT:
56 50 31 9 4 1 6 20 15 14 18 15 17 23 21 28 26 46 41 32 39 32 36 43 49 48 55 74 69 67 62 71 69 69 88 93 88 92 89 94 98 
Rotation not possible around 1
56 50 31 9 4 1 6 20 15 14 18 15 17 23 21 28 26 46 41 32 39 32 36 43 49 48 55 74 69 67 62 71 69 69 88 93 88 92 89 94 98 
56 50 31 9 4 1 6 20 15 14 18 15 17 23 21 28 26 46 43 41 32 39 32 36 49 48 55 74 69 67 62 71 69 69 88 93 88 92 89 94 98 
56 50 46 31 9 4 1 6 20 15 14 18 15 17 23 21 28 26 43 41 32 39 32 36 49 48 55 74 69 67 62 71 69 69 88 93 88 92 89 94 98 
Rotation not possible around 18
56 50 46 31 9 4 1 6 20 15 14 18 15 17 23 21 28 26 43 41 32 39 32 36 49 48 55 74 69 67 62 71 69 69 88 93 88 92 89 94 98 
Rotation not possible around 21
56 50 46 31 9 4 1 6 20 15 14 18 15 17 23 21 28 26 43 41 32 39 32 36 49 48 55 74 69 67 62 71 69 69 88 93 88 92 89 94 98 
56 50 46 31 9 4 1 6 20 15 14 18 15 17 23 21 28 26 43 41 39 32 32 36 49 48 55 74 69 67 62 71 69 69 88 93 88 92 89 94 98 
Rotation not possible around 26
56 50 46 31 9 4 1 6 20 15 14 18 15 17 23 21 28 26 43 41 39 32 32 36 49 48 55 74 69 67 62 71 69 69 88 93 88 92 89 94 98 
Rotation not possible around 92
56 50 46 31 9 4 1 6 20 15 14 18 15 17 23 21 28 26 43 41 39 32 32 36 49 48 55 74 69 67 62 71 69 69 88 93 88 92 89 94 98 
56 50 46 31 9 4 1 6 20 15 14 18 15 17 23 21 28 26 43 41 39 32 32 36 49 48 55 69 67 62 74 71 69 69 88 93 88 92 89 94 98 


TESTCASE 6:
INPUT:
37 6
60 58 5 67 94 54 86 84 35 52 71 34 89 53 72 3 71 27 83 34 30 16 22 53 20 12 18 75 85 53 15 46 99 60 51 1 89 
84 L
35 L
75 L
53 R
34 R
52 L

OUTPUT:
60 58 5 3 1 54 35 34 27 16 12 15 22 20 18 30 34 52 46 51 53 53 53 67 60 94 86 84 71 72 71 83 75 85 89 89 99 
60 58 5 3 1 54 35 34 27 16 12 15 22 20 18 30 34 52 46 51 53 53 53 67 60 94 86 85 84 71 72 71 83 75 89 89 99 
60 58 5 3 1 54 52 35 34 27 16 12 15 22 20 18 30 34 46 51 53 53 53 67 60 94 86 85 84 71 72 71 83 75 89 89 99 
Rotation not possible around 75
60 58 5 3 1 54 52 35 34 27 16 12 15 22 20 18 30 34 46 51 53 53 53 67 60 94 86 85 84 71 72 71 83 75 89 89 99 
Rotation not possible around 53
60 58 5 3 1 54 52 35 34 27 16 12 15 22 20 18 30 34 46 51 53 53 53 67 60 94 86 85 84 71 72 71 83 75 89 89 99 
60 58 5 3 1 54 52 35 27 16 12 15 22 20 18 34 30 34 46 51 53 53 53 67 60 94 86 85 84 71 72 71 83 75 89 89 99 
60 58 5 3 1 54 53 52 35 27 16 12 15 22 20 18 34 30 34 46 51 53 53 67 60 94 86 85 84 71 72 71 83 75 89 89 99 


TESTCASE 7:
INPUT:
42 15
58 62 19 75 26 24 39 15 45 5 98 4 45 4 12 51 92 14 61 55 70 73 50 65 12 9 63 73 72 20 77 29 64 20 55 74 66 95 16 16 75 65 
75 L
61 L
15 R
16 R
4 L
24 R
74 R
73 R
5 L
39 R
45 L
20 R
77 R
64 R
65 L

OUTPUT:
58 19 15 5 4 4 12 9 14 12 16 16 26 24 20 20 39 29 45 45 51 50 55 55 62 61 75 70 65 63 64 66 65 73 72 73 74 98 92 77 75 95 
58 19 15 5 4 4 12 9 14 12 16 16 26 24 20 20 39 29 45 45 51 50 55 55 62 61 98 75 70 65 63 64 66 65 73 72 73 74 92 77 75 95 
Rotation not possible around 61
58 19 15 5 4 4 12 9 14 12 16 16 26 24 20 20 39 29 45 45 51 50 55 55 62 61 98 75 70 65 63 64 66 65 73 72 73 74 92 77 75 95 
58 19 5 4 4 15 12 9 14 12 16 16 26 24 20 20 39 29 45 45 51 50 55 55 62 61 98 75 70 65 63 64 66 65 73 72 73 74 92 77 75 95 
Rotation not possible around 16
58 19 5 4 4 15 12 9 14 12 16 16 26 24 20 20 39 29 45 45 51 50 55 55 62 61 98 75 70 65 63 64 66 65 73 72 73 74 92 77 75 95 
58 19 5 4 4 15 12 9 14 12 16 16 26 24 20 20 39 29 45 45 51 50 55 55 62 61 98 75 70 65 63 64 66 65 73 72 73 74 92 77 75 95 
58 19 5 4 4 15 12 9 14 12 16 16 26 20 24 20 39 29 45 45 51 50 55 55 62 61 98 75 70 65 63 64 66 65 73 72 73 74 92 77 75 95 
Rotation not possible around 74
58 19 5 4 4 15 12 9 14 12 16 16 26 20 24 20 39 29 45 45 51 50 55 55 62 61 98 75 70 65 63 64 66 65 73 72 73 74 92 77 75 95 
58 19 5 4 4 15 12 9 14 12 16 16 26 20 24 20 39 29 45 45 51 50 55 55 62 61 98 75 70 65 63 64 66 65 72 73 73 74 92 77 75 95 
58 19 15 5 4 4 12 9 14 12 16 16 26 20 24 20 39 29 45 45 51 50 55 55 62 61 98 75 70 65 63 64 66 65 72 73 73 74 92 77 75 95 
58 19 15 5 4 4 12 9 14 12 16 16 26 20 24 20 29 39 45 45 51 50 55 55 62 61 98 75 70 65 63 64 66 65 72 73 73 74 92 77 75 95 
58 19 15 5 4 4 12 9 14 12 16 16 26 20 24 20 29 39 45 45 51 50 55 55 62 61 98 75 70 65 63 64 66 65 72 73 73 74 92 77 75 95 
Rotation not possible around 20
58 19 15 5 4 4 12 9 14 12 16 16 26 20 24 20 29 39 45 45 51 50 55 55 62 61 98 75 70 65 63 64 66 65 72 73 73 74 92 77 75 95 
58 19 15 5 4 4 12 9 14 12 16 16 26 20 24 20 29 39 45 45 51 50 55 55 62 61 98 75 70 65 63 64 66 65 72 73 73 74 92 75 77 95 
Rotation not possible around 64
58 19 15 5 4 4 12 9 14 12 16 16 26 20 24 20 29 39 45 45 51 50 55 55 62 61 98 75 70 65 63 64 66 65 72 73 73 74 92 75 77 95 
58 19 15 5 4 4 12 9 14 12 16 16 26 20 24 20 29 39 45 45 51 50 55 55 62 61 98 75 70 66 65 63 64 65 72 73 73 74 92 75 77 95 


TESTCASE 8:
INPUT:
53 11
62 18
95 36 72 29 95 86 63 52 48 62 33 93 19 35 82 18 31 41 28 72 53 74 66 36 19 57 41 46 42 21 6 44 44 76 71 26 11 0 57 39 49 22 90 94 33 9 5 79 15 47 33 98 8 54 83 85 17 46 66 13 0 67 
71 L
22 R
18 L
6 R
72 L
17 L
39 R
15 L
49 L
53 L
42 R
8 L
83 R
31 L
48 R
57 L
13 L
33 L

OUTPUT:
95 36 29 19 18 6 0 5 0 11 9 8 15 13 17 28 19 21 26 22 33 31 35 33 33 72 63 52 48 41 36 39 41 46 42 44 44 47 46 49 62 53 57 54 57 66 71 66 67 86 82 72 74 76 79 83 85 93 90 94 95 98 
Rotation not possible around 71
95 36 29 19 18 6 0 5 0 11 9 8 15 13 17 28 19 21 26 22 33 31 35 33 33 72 63 52 48 41 36 39 41 46 42 44 44 47 46 49 62 53 57 54 57 66 71 66 67 86 82 72 74 76 79 83 85 93 90 94 95 98 
Rotation not possible around 22
95 36 29 19 18 6 0 5 0 11 9 8 15 13 17 28 19 21 26 22 33 31 35 33 33 72 63 52 48 41 36 39 41 46 42 44 44 47 46 49 62 53 57 54 57 66 71 66 67 86 82 72 74 76 79 83 85 93 90 94 95 98 
Rotation not possible around 18
95 36 29 19 18 6 0 5 0 11 9 8 15 13 17 28 19 21 26 22 33 31 35 33 33 72 63 52 48 41 36 39 41 46 42 44 44 47 46 49 62 53 57 54 57 66 71 66 67 86 82 72 74 76 79 83 85 93 90 94 95 98 
95 36 29 19 18 0 6 5 0 11 9 8 15 13 17 28 19 21 26 22 33 31 35 33 33 72 63 52 48 41 36 39 41 46 42 44 44 47 46 49 62 53 57 54 57 66 71 66 67 86 82 72 74 76 79 83 85 93 90 94 95 98 
95 36 29 19 18 0 6 5 0 11 9 8 15 13 17 28 19 21 26 22 33 31 35 33 33 86 72 63 52 48 41 36 39 41 46 42 44 44 47 46 49 62 53 57 54 57 66 71 66 67 82 72 74 76 79 83 85 93 90 94 95 98 
Rotation not possible around 17
95 36 29 19 18 0 6 5 0 11 9 8 15 13 17 28 19 21 26 22 33 31 35 33 33 86 72 63 52 48 41 36 39 41 46 42 44 44 47 46 49 62 53 57 54 57 66 71 66 67 82 72 74 76 79 83 85 93 90 94 95 98 
Rotation not possible around 39
95 36 29 19 18 0 6 5 0 11 9 8 15 13 17 28 19 21 26 22 33 31 35 33 33 86 72 63 52 48 41 36 39 41 46 42 44 44 47 46 49 62 53 57 54 57 66 71 66 67 82 72 74 76 79 83 85 93 90 94 95 98 
95 36 29 19 18 0 6 5 0 11 9 8 17 15 13 28 19 21 26 22 33 31 35 33 33 86 72 63 52 48 41 36 39 41 46 42 44 44 47 46 49 62 53 57 54 57 66 71 66 67 82 72 74 76 79 83 85 93 90 94 95 98 
Rotation not possible around 49
95 36 29 19 18 0 6 5 0 11 9 8 17 15 13 28 19 21 26 22 33 31 35 33 33 86 72 63 52 48 41 36 39 41 46 42 44 44 47 46 49 62 53 57 54 57 66 71 66 67 82 72 74 76 79 83 85 93 90 94 95 98 
95 36 29 19 18 0 6 5 0 11 9 8 17 15 13 28 19 21 26 22 33 31 35 33 33 86 72 63 52 48 41 36 39 41 46 42 44 44 47 46 49 62 57 53 54 57 66 71 66 67 82 72 74 76 79 83 85 93 90 94 95 98 
Rotation not possible around 42
95 36 29 19 18 0 6 5 0 11 9 8 17 15 13 28 19 21 26 22 33 31 35 33 33 86 72 63 52 48 41 36 39 41 46 42 44 44 47 46 49 62 57 53 54 57 66 71 66 67 82 72 74 76 79 83 85 93 90 94 95 98 
Rotation not possible around 8
95 36 29 19 18 0 6 5 0 11 9 8 17 15 13 28 19 21 26 22 33 31 35 33 33 86 72 63 52 48 41 36 39 41 46 42 44 44 47 46 49 62 57 53 54 57 66 71 66 67 82 72 74 76 79 83 85 93 90 94 95 98 
Rotation not possible around 83
95 36 29 19 18 0 6 5 0 11 9 8 17 15 13 28 19 21 26 22 33 31 35 33 33 86 72 63 52 48 41 36 39 41 46 42 44 44 47 46 49 62 57 53 54 57 66 71 66 67 82 72 74 76 79 83 85 93 90 94 95 98 
Rotation not possible around 31
95 36 29 19 18 0 6 5 0 11 9 8 17 15 13 28 19 21 26 22 33 31 35 33 33 86 72 63 52 48 41 36 39 41 46 42 44 44 47 46 49 62 57 53 54 57 66 71 66 67 82 72 74 76 79 83 85 93 90 94 95 98 
95 36 29 19 18 0 6 5 0 11 9 8 17 15 13 28 19 21 26 22 33 31 35 33 33 86 72 63 52 41 36 39 48 41 46 42 44 44 47 46 49 62 57 53 54 57 66 71 66 67 82 72 74 76 79 83 85 93 90 94 95 98 
95 36 29 19 18 0 6 5 0 11 9 8 17 15 13 28 19 21 26 22 33 31 35 33 33 86 72 63 52 41 36 39 48 41 46 42 44 44 47 46 49 62 57 57 53 54 66 71 66 67 82 72 74 76 79 83 85 93 90 94 95 98 
Rotation not possible around 13
95 36 29 19 18 0 6 5 0 11 9 8 17 15 13 28 19 21 26 22 33 31 35 33 33 86 72 63 52 41 36 39 48 41 46 42 44 44 47 46 49 62 57 57 53 54 66 71 66 67 82 72 74 76 79 83 85 93 90 94 95 98 
95 36 29 19 18 0 6 5 0 11 9 8 17 15 13 28 19 21 26 22 35 33 31 33 33 86 72 63 52 41 36 39 48 41 46 42 44 44 47 46 49 62 57 57 53 54 66 71 66 67 82 72 74 76 79 83 85 93 90 94 95 98 


TESTCASE 9:
INPUT:
95 38
36 67 76 76 40 3 17 60 66 0 62 69 10 11 22 82 13 0 11 16 30 10 25 71 23 28 57 41 84 54 28 22 27 63 7 20 35 22 89 70 45 37 31 25 85 43 28 59 97 21 46 57 92 61 19 72 90 8 13 68 82 99 84 29 19 74 47 65 75 98 92 39 65 28 89 2 75 42 89 9 10 67 87 90 60 49 68 5 76 93 87 57 66 32 55 
67 R
93 L
22 R
29 R
66 R
41 L
97 L
5 R
68 R
92 L
16 L
49 L
39 L
63 L
82 L
85 L
74 L
57 R
31 R
99 L
69 R
10 L
87 R
61 R
20 R
75 R
90 L
23 L
59 R
76 R
7 L
98 L
60 L
0 L
84 R
28 L
9 L
19 R

OUTPUT:
36 3 0 0 2 17 10 7 5 8 9 11 10 10 13 11 16 13 22 20 19 19 21 30 25 23 22 22 28 27 25 28 28 29 28 35 31 32 67 40 37 39 60 57 41 54 45 43 42 46 47 49 55 59 57 57 66 62 61 60 63 65 65 66 76 69 68 67 68 71 70 72 74 75 75 76 82 76 84 82 89 85 84 87 87 97 92 90 89 89 90 92 93 99 98 
36 3 0 0 2 17 10 7 5 8 9 11 10 10 13 11 16 13 22 20 19 19 21 30 25 23 22 22 28 27 25 28 28 29 28 35 31 32 40 37 39 67 60 57 41 54 45 43 42 46 47 49 55 59 57 57 66 62 61 60 63 65 65 66 76 69 68 67 68 71 70 72 74 75 75 76 82 76 84 82 89 85 84 87 87 97 92 90 89 89 90 92 93 99 98 
Rotation not possible around 93
36 3 0 0 2 17 10 7 5 8 9 11 10 10 13 11 16 13 22 20 19 19 21 30 25 23 22 22 28 27 25 28 28 29 28 35 31 32 40 37 39 67 60 57 41 54 45 43 42 46 47 49 55 59 57 57 66 62 61 60 63 65 65 66 76 69 68 67 68 71 70 72 74 75 75 76 82 76 84 82 89 85 84 87 87 97 92 90 89 89 90 92 93 99 98 
36 3 0 0 2 17 10 7 5 8 9 11 10 10 13 11 16 13 20 19 19 22 21 30 25 23 22 22 28 27 25 28 28 29 28 35 31 32 40 37 39 67 60 57 41 54 45 43 42 46 47 49 55 59 57 57 66 62 61 60 63 65 65 66 76 69 68 67 68 71 70 72 74 75 75 76 82 76 84 82 89 85 84 87 87 97 92 90 89 89 90 92 93 99 98 
36 3 0 0 2 17 10 7 5 8 9 11 10 10 13 11 16 13 20 19 19 22 21 30 25 23 22 22 28 27 25 28 28 28 29 35 31 32 40 37 39 67 60 57 41 54 45 43 42 46 47 49 55 59 57 57 66 62 61 60 63 65 65 66 76 69 68 67 68 71 70 72 74 75 75 76 82 76 84 82 89 85 84 87 87 97 92 90 89 89 90 92 93 99 98 
36 3 0 0 2 17 10 7 5 8 9 11 10 10 13 11 16 13 20 19 19 22 21 30 25 23 22 22 28 27 25 28 28 28 29 35 31 32 40 37 39 67 60 57 41 54 45 43 42 46 47 49 55 59 57 57 62 61 60 66 63 65 65 66 76 69 68 67 68 71 70 72 74 75 75 76 82 76 84 82 89 85 84 87 87 97 92 90 89 89 90 92 93 99 98 
36 3 0 0 2 17 10 7 5 8 9 11 10 10 13 11 16 13 20 19 19 22 21 30 25 23 22 22 28 27 25 28 28 28 29 35 31 32 40 37 39 67 60 57 54 41 45 43 42 46 47 49 55 59 57 57 62 61 60 66 63 65 65 66 76 69 68 67 68 71 70 72 74 75 75 76 82 76 84 82 89 85 84 87 87 97 92 90 89 89 90 92 93 99 98 
36 3 0 0 2 17 10 7 5 8 9 11 10 10 13 11 16 13 20 19 19 22 21 30 25 23 22 22 28 27 25 28 28 28 29 35 31 32 40 37 39 67 60 57 54 41 45 43 42 46 47 49 55 59 57 57 62 61 60 66 63 65 65 66 76 69 68 67 68 71 70 72 74 75 75 76 82 76 84 82 89 85 84 87 87 99 97 92 90 89 89 90 92 93 98 
Rotation not possible around 5
36 3 0 0 2 17 10 7 5 8 9 11 10 10 13 11 16 13 20 19 19 22 21 30 25 23 22 22 28 27 25 28 28 28 29 35 31 32 40 37 39 67 60 57 54 41 45 43 42 46 47 49 55 59 57 57 62 61 60 66 63 65 65 66 76 69 68 67 68 71 70 72 74 75 75 76 82 76 84 82 89 85 84 87 87 99 97 92 90 89 89 90 92 93 98 
36 3 0 0 2 17 10 7 5 8 9 11 10 10 13 11 16 13 20 19 19 22 21 30 25 23 22 22 28 27 25 28 28 28 29 35 31 32 40 37 39 67 60 57 54 41 45 43 42 46 47 49 55 59 57 57 62 61 60 66 63 65 65 66 76 69 67 68 68 71 70 72 74 75 75 76 82 76 84 82 89 85 84 87 87 99 97 92 90 89 89 90 92 93 98 
36 3 0 0 2 17 10 7 5 8 9 11 10 10 13 11 16 13 20 19 19 22 21 30 25 23 22 22 28 27 25 28 28 28 29 35 31 32 40 37 39 67 60 57 54 41 45 43 42 46 47 49 55 59 57 57 62 61 60 66 63 65 65 66 76 69 67 68 68 71 70 72 74 75 75 76 82 76 84 82 89 85 84 87 87 99 97 92 92 90 89 89 90 93 98 
Rotation not possible around 16
36 3 0 0 2 17 10 7 5 8 9 11 10 10 13 11 16 13 20 19 19 22 21 30 25 23 22 22 28 27 25 28 28 28 29 35 31 32 40 37 39 67 60 57 54 41 45 43 42 46 47 49 55 59 57 57 62 61 60 66 63 65 65 66 76 69 67 68 68 71 70 72 74 75 75 76 82 76 84 82 89 85 84 87 87 99 97 92 92 90 89 89 90 93 98 
Rotation not possible around 49
36 3 0 0 2 17 10 7 5 8 9 11 10 10 13 11 16 13 20 19 19 22 21 30 25 23 22 22 28 27 25 28 28 28 29 35 31 32 40 37 39 67 60 57 54 41 45 43 42 46 47 49 55 59 57 57 62 61 60 66 63 65 65 66 76 69 67 68 68 71 70 72 74 75 75 76 82 76 84 82 89 85 84 87 87 99 97 92 92 90 89 89 90 93 98 
Rotation not possible around 39
36 3 0 0 2 17 10 7 5 8 9 11 10 10 13 11 16 13 20 19 19 22 21 30 25 23 22 22 28 27 25 28 28 28 29 35 31 32 40 37 39 67 60 57 54 41 45 43 42 46 47 49 55 59 57 57 62 61 60 66 63 65 65 66 76 69 67 68 68 71 70 72 74 75 75 76 82 76 84 82 89 85 84 87 87 99 97 92 92 90 89 89 90 93 98 
36 3 0 0 2 17 10 7 5 8 9 11 10 10 13 11 16 13 20 19 19 22 21 30 25 23 22 22 28 27 25 28 28 28 29 35 31 32 40 37 39 67 60 57 54 41 45 43 42 46 47 49 55 59 57 57 62 61 60 66 65 63 65 66 76 69 67 68 68 71 70 72 74 75 75 76 82 76 84 82 89 85 84 87 87 99 97 92 92 90 89 89 90 93 98 
36 3 0 0 2 17 10 7 5 8 9 11 10 10 13 11 16 13 20 19 19 22 21 30 25 23 22 22 28 27 25 28 28 28 29 35 31 32 40 37 39 67 60 57 54 41 45 43 42 46 47 49 55 59 57 57 62 61 60 66 65 63 65 66 76 69 67 68 68 71 70 72 74 75 75 76 84 82 76 82 89 85 84 87 87 99 97 92 92 90 89 89 90 93 98 
36 3 0 0 2 17 10 7 5 8 9 11 10 10 13 11 16 13 20 19 19 22 21 30 25 23 22 22 28 27 25 28 28 28 29 35 31 32 40 37 39 67 60 57 54 41 45 43 42 46 47 49 55 59 57 57 62 61 60 66 65 63 65 66 76 69 67 68 68 71 70 72 74 75 75 76 84 82 76 82 89 87 85 84 87 99 97 92 92 90 89 89 90 93 98 
36 3 0 0 2 17 10 7 5 8 9 11 10 10 13 11 16 13 20 19 19 22 21 30 25 23 22 22 28 27 25 28 28 28 29 35 31 32 40 37 39 67 60 57 54 41 45 43 42 46 47 49 55 59 57 57 62 61 60 66 65 63 65 66 76 69 67 68 68 71 70 72 75 74 75 76 84 82 76 82 89 87 85 84 87 99 97 92 92 90 89 89 90 93 98 
36 3 0 0 2 17 10 7 5 8 9 11 10 10 13 11 16 13 20 19 19 22 21 30 25 23 22 22 28 27 25 28 28 28 29 35 31 32 40 37 39 67 60 54 41 45 43 42 46 47 49 57 55 59 57 57 62 61 60 66 65 63 65 66 76 69 67 68 68 71 70 72 75 74 75 76 84 82 76 82 89 87 85 84 87 99 97 92 92 90 89 89 90 93 98 
Rotation not possible around 31
36 3 0 0 2 17 10 7 5 8 9 11 10 10 13 11 16 13 20 19 19 22 21 30 25 23 22 22 28 27 25 28 28 28 29 35 31 32 40 37 39 67 60 54 41 45 43 42 46 47 49 57 55 59 57 57 62 61 60 66 65 63 65 66 76 69 67 68 68 71 70 72 75 74 75 76 84 82 76 82 89 87 85 84 87 99 97 92 92 90 89 89 90 93 98 
Rotation not possible around 99
36 3 0 0 2 17 10 7 5 8 9 11 10 10 13 11 16 13 20 19 19 22 21 30 25 23 22 22 28 27 25 28 28 28 29 35 31 32 40 37 39 67 60 54 41 45 43 42 46 47 49 57 55 59 57 57 62 61 60 66 65 63 65 66 76 69 67 68 68 71 70 72 75 74 75 76 84 82 76 82 89 87 85 84 87 99 97 92 92 90 89 89 90 93 98 
36 3 0 0 2 17 10 7 5 8 9 11 10 10 13 11 16 13 20 19 19 22 21 30 25 23 22 22 28 27 25 28 28 28 29 35 31 32 40 37 39 67 60 54 41 45 43 42 46 47 49 57 55 59 57 57 62 61 60 66 65 63 65 66 76 67 69 68 68 71 70 72 75 74 75 76 84 82 76 82 89 87 85 84 87 99 97 92 92 90 89 89 90 93 98 
36 3 0 0 2 17 11 10 7 5 8 9 10 10 13 11 16 13 20 19 19 22 21 30 25 23 22 22 28 27 25 28 28 28 29 35 31 32 40 37 39 67 60 54 41 45 43 42 46 47 49 57 55 59 57 57 62 61 60 66 65 63 65 66 76 67 69 68 68 71 70 72 75 74 75 76 84 82 76 82 89 87 85 84 87 99 97 92 92 90 89 89 90 93 98 
36 3 0 0 2 17 11 10 7 5 8 9 10 10 13 11 16 13 20 19 19 22 21 30 25 23 22 22 28 27 25 28 28 28 29 35 31 32 40 37 39 67 60 54 41 45 43 42 46 47 49 57 55 59 57 57 62 61 60 66 65 63 65 66 76 67 69 68 68 71 70 72 75 74 75 76 84 82 76 82 89 85 84 87 87 99 97 92 92 90 89 89 90 93 98 
36 3 0 0 2 17 11 10 7 5 8 9 10 10 13 11 16 13 20 19 19 22 21 30 25 23 22 22 28 27 25 28 28 28 29 35 31 32 40 37 39 67 60 54 41 45 43 42 46 47 49 57 55 59 57 57 62 60 61 66 65 63 65 66 76 67 69 68 68 71 70 72 75 74 75 76 84 82 76 82 89 85 84 87 87 99 97 92 92 90 89 89 90 93 98 
36 3 0 0 2 17 11 10 7 5 8 9 10 10 13 11 16 13 19 20 19 22 21 30 25 23 22 22 28 27 25 28 28 28 29 35 31 32 40 37 39 67 60 54 41 45 43 42 46 47 49 57 55 59 57 57 62 60 61 66 65 63 65 66 76 67 69 68 68 71 70 72 75 74 75 76 84 82 76 82 89 85 84 87 87 99 97 92 92 90 89 89 90 93 98 
36 3 0 0 2 17 11 10 7 5 8 9 10 10 13 11 16 13 19 20 19 22 21 30 25 23 22 22 28 27 25 28 28 28 29 35 31 32 40 37 39 67 60 54 41 45 43 42 46 47 49 57 55 59 57 57 62 60 61 66 65 63 65 66 76 67 69 68 68 71 70 72 74 75 75 76 84 82 76 82 89 85 84 87 87 99 97 92 92 90 89 89 90 93 98 
36 3 0 0 2 17 11 10 7 5 8 9 10 10 13 11 16 13 19 20 19 22 21 30 25 23 22 22 28 27 25 28 28 28 29 35 31 32 40 37 39 67 60 54 41 45 43 42 46 47 49 57 55 59 57 57 62 60 61 66 65 63 65 66 76 67 69 68 68 71 70 72 74 75 75 76 84 82 76 82 89 85 84 87 87 99 97 92 92 90 90 89 89 93 98 
Rotation not possible around 23
36 3 0 0 2 17 11 10 7 5 8 9 10 10 13 11 16 13 19 20 19 22 21 30 25 23 22 22 28 27 25 28 28 28 29 35 31 32 40 37 39 67 60 54 41 45 43 42 46 47 49 57 55 59 57 57 62 60 61 66 65 63 65 66 76 67 69 68 68 71 70 72 74 75 75 76 84 82 76 82 89 85 84 87 87 99 97 92 92 90 90 89 89 93 98 
36 3 0 0 2 17 11 10 7 5 8 9 10 10 13 11 16 13 19 20 19 22 21 30 25 23 22 22 28 27 25 28 28 28 29 35 31 32 40 37 39 67 60 54 41 45 43 42 46 47 49 57 55 57 59 57 62 60 61 66 65 63 65 66 76 67 69 68 68 71 70 72 74 75 75 76 84 82 76 82 89 85 84 87 87 99 97 92 92 90 90 89 89 93 98 
36 3 0 0 2 17 11 10 7 5 8 9 10 10 13 11 16 13 19 20 19 22 21 30 25 23 22 22 28 27 25 28 28 28 29 35 31 32 40 37 39 67 60 54 41 45 43 42 46 47 49 57 55 57 59 57 62 60 61 66 65 63 65 66 67 76 69 68 68 71 70 72 74 75 75 76 84 82 76 82 89 85 84 87 87 99 97 92 92 90 90 89 89 93 98 
36 3 0 0 2 17 11 10 8 7 5 9 10 10 13 11 16 13 19 20 19 22 21 30 25 23 22 22 28 27 25 28 28 28 29 35 31 32 40 37 39 67 60 54 41 45 43 42 46 47 49 57 55 57 59 57 62 60 61 66 65 63 65 66 67 76 69 68 68 71 70 72 74 75 75 76 84 82 76 82 89 85 84 87 87 99 97 92 92 90 90 89 89 93 98 
Rotation not possible around 98
36 3 0 0 2 17 11 10 8 7 5 9 10 10 13 11 16 13 19 20 19 22 21 30 25 23 22 22 28 27 25 28 28 28 29 35 31 32 40 37 39 67 60 54 41 45 43 42 46 47 49 57 55 57 59 57 62 60 61 66 65 63 65 66 67 76 69 68 68 71 70 72 74 75 75 76 84 82 76 82 89 85 84 87 87 99 97 92 92 90 90 89 89 93 98 
36 3 0 0 2 17 11 10 8 7 5 9 10 10 13 11 16 13 19 20 19 22 21 30 25 23 22 22 28 27 25 28 28 28 29 35 31 32 40 37 39 67 62 60 54 41 45 43 42 46 47 49 57 55 57 59 57 60 61 66 65 63 65 66 67 76 69 68 68 71 70 72 74 75 75 76 84 82 76 82 89 85 84 87 87 99 97 92 92 90 90 89 89 93 98 
36 3 0 0 2 17 11 10 8 7 5 9 10 10 13 11 16 13 19 20 19 22 21 30 25 23 22 22 28 27 25 28 28 28 29 35 31 32 40 37 39 67 62 60 54 41 45 43 42 46 47 49 57 55 57 59 57 60 61 66 65 63 65 66 67 76 69 68 68 71 70 72 74 75 75 76 84 82 76 82 89 85 84 87 87 99 97 92 92 90 90 89 89 93 98 
36 3 0 0 2 17 11 10 8 7 5 9 10 10 13 11 16 13 19 20 19 22 21 30 25 23 22 22 28 27 25 28 28 28 29 35 31 32 40 37 39 67 62 60 54 41 45 43 42 46 47 49 57 55 57 59 57 60 61 66 65 63 65 66 67 76 69 68 68 71 70 72 74 75 75 76 82 76 84 82 89 85 84 87 87 99 97 92 92 90 90 89 89 93 98 
36 3 0 0 2 17 11 10 8 7 5 9 10 10 13 11 16 13 19 20 19 22 21 30 25 23 22 22 28 28 27 25 28 28 29 35 31 32 40 37 39 67 62 60 54 41 45 43 42 46 47 49 57 55 57 59 57 60 61 66 65 63 65 66 67 76 69 68 68 71 70 72 74 75 75 76 82 76 84 82 89 85 84 87 87 99 97 92 92 90 90 89 89 93 98 
Rotation not possible around 9
36 3 0 0 2 17 11 10 8 7 5 9 10 10 13 11 16 13 19 20 19 22 21 30 25 23 22 22 28 28 27 25 28 28 29 35 31 32 40 37 39 67 62 60 54 41 45 43 42 46 47 49 57 55 57 59 57 60 61 66 65 63 65 66 67 76 69 68 68 71 70 72 74 75 75 76 82 76 84 82 89 85 84 87 87 99 97 92 92 90 90 89 89 93 98 
Rotation not possible around 19
36 3 0 0 2 17 11 10 8 7 5 9 10 10 13 11 16 13 19 20 19 22 21 30 25 23 22 22 28 28 27 25 28 28 29 35 31 32 40 37 39 67 62 60 54 41 45 43 42 46 47 49 57 55 57 59 57 60 61 66 65 63 65 66 67 76 69 68 68 71 70 72 74 75 75 76 82 76 84 82 89 85 84 87 87 99 97 92 92 90 90 89 89 93 98 


TESTCASE 10:
INPUT:
78 41
46 88 26 29 7 79 71 32 5 5 61 16 22 32 21 28 48 60 79 53 47 84 43 98 5 23 9 12 36 40 90 55 94 17 99 83 56 63 93 67 64 11 19 92 95 20 42 7 80 28 62 70 30 36 20 6 44 25 1 72 59 0 77 6 66 68 10 31 6 83 19 65 47 15 6 37 47 0 
29 L
25 R
99 L
30 R
47 L
55 R
9 L
15 L
48 R
79 R
63 L
31 R
36 L
71 L
16 R
7 L
66 L
72 L
80 R
22 L
42 L
26 R
92 L
93 L
64 L
40 R
0 R
65 R
44 L
88 L
83 R
19 R
20 R
11 R
12 R
32 L
5 R
94 R
90 R
62 L
23 R

OUTPUT:
46 26 7 5 1 0 0 5 5 6 6 6 6 16 9 7 12 11 10 15 22 21 17 19 20 19 20 23 25 29 28 28 32 30 31 32 43 36 40 36 37 42 44 88 79 71 61 48 47 47 47 60 53 55 56 59 63 62 67 64 66 65 70 68 72 77 79 84 83 80 83 98 90 94 93 92 95 99 
46 26 7 5 1 0 0 5 5 6 6 6 6 16 9 7 12 11 10 15 22 21 17 19 20 19 20 23 25 32 29 28 28 30 31 32 43 36 40 36 37 42 44 88 79 71 61 48 47 47 47 60 53 55 56 59 63 62 67 64 66 65 70 68 72 77 79 84 83 80 83 98 90 94 93 92 95 99 
Rotation not possible around 25
46 26 7 5 1 0 0 5 5 6 6 6 6 16 9 7 12 11 10 15 22 21 17 19 20 19 20 23 25 32 29 28 28 30 31 32 43 36 40 36 37 42 44 88 79 71 61 48 47 47 47 60 53 55 56 59 63 62 67 64 66 65 70 68 72 77 79 84 83 80 83 98 90 94 93 92 95 99 
Rotation not possible around 99
46 26 7 5 1 0 0 5 5 6 6 6 6 16 9 7 12 11 10 15 22 21 17 19 20 19 20 23 25 32 29 28 28 30 31 32 43 36 40 36 37 42 44 88 79 71 61 48 47 47 47 60 53 55 56 59 63 62 67 64 66 65 70 68 72 77 79 84 83 80 83 98 90 94 93 92 95 99 
Rotation not possible around 30
46 26 7 5 1 0 0 5 5 6 6 6 6 16 9 7 12 11 10 15 22 21 17 19 20 19 20 23 25 32 29 28 28 30 31 32 43 36 40 36 37 42 44 88 79 71 61 48 47 47 47 60 53 55 56 59 63 62 67 64 66 65 70 68 72 77 79 84 83 80 83 98 90 94 93 92 95 99 
46 26 7 5 1 0 0 5 5 6 6 6 6 16 9 7 12 11 10 15 22 21 17 19 20 19 20 23 25 32 29 28 28 30 31 32 43 36 40 36 37 42 44 88 79 71 61 48 47 47 47 60 53 55 56 59 63 62 67 64 66 65 70 68 72 77 79 84 83 80 83 98 90 94 93 92 95 99 
Rotation not possible around 55
46 26 7 5 1 0 0 5 5 6 6 6 6 16 9 7 12 11 10 15 22 21 17 19 20 19 20 23 25 32 29 28 28 30 31 32 43 36 40 36 37 42 44 88 79 71 61 48 47 47 47 60 53 55 56 59 63 62 67 64 66 65 70 68 72 77 79 84 83 80 83 98 90 94 93 92 95 99 
46 26 7 5 1 0 0 5 5 6 6 6 6 16 12 9 7 11 10 15 22 21 17 19 20 19 20 23 25 32 29 28 28 30 31 32 43 36 40 36 37 42 44 88 79 71 61 48 47 47 47 60 53 55 56 59 63 62 67 64 66 65 70 68 72 77 79 84 83 80 83 98 90 94 93 92 95 99 
Rotation not possible around 15
46 26 7 5 1 0 0 5 5 6 6 6 6 16 12 9 7 11 10 15 22 21 17 19 20 19 20 23 25 32 29 28 28 30 31 32 43 36 40 36 37 42 44 88 79 71 61 48 47 47 47 60 53 55 56 59 63 62 67 64 66 65 70 68 72 77 79 84 83 80 83 98 90 94 93 92 95 99 
46 26 7 5 1 0 0 5 5 6 6 6 6 16 12 9 7 11 10 15 22 21 17 19 20 19 20 23 25 32 29 28 28 30 31 32 43 36 40 36 37 42 44 88 79 71 61 47 47 48 47 60 53 55 56 59 63 62 67 64 66 65 70 68 72 77 79 84 83 80 83 98 90 94 93 92 95 99 
46 26 7 5 1 0 0 5 5 6 6 6 6 16 12 9 7 11 10 15 22 21 17 19 20 19 20 23 25 32 29 28 28 30 31 32 43 36 40 36 37 42 44 88 71 61 47 47 48 47 60 53 55 56 59 63 62 67 64 66 65 70 68 79 72 77 79 84 83 80 83 98 90 94 93 92 95 99 
46 26 7 5 1 0 0 5 5 6 6 6 6 16 12 9 7 11 10 15 22 21 17 19 20 19 20 23 25 32 29 28 28 30 31 32 43 36 40 36 37 42 44 88 71 61 47 47 48 47 60 53 55 56 59 67 63 62 64 66 65 70 68 79 72 77 79 84 83 80 83 98 90 94 93 92 95 99 
Rotation not possible around 31
46 26 7 5 1 0 0 5 5 6 6 6 6 16 12 9 7 11 10 15 22 21 17 19 20 19 20 23 25 32 29 28 28 30 31 32 43 36 40 36 37 42 44 88 71 61 47 47 48 47 60 53 55 56 59 67 63 62 64 66 65 70 68 79 72 77 79 84 83 80 83 98 90 94 93 92 95 99 
46 26 7 5 1 0 0 5 5 6 6 6 6 16 12 9 7 11 10 15 22 21 17 19 20 19 20 23 25 32 29 28 28 30 31 32 43 40 36 36 37 42 44 88 71 61 47 47 48 47 60 53 55 56 59 67 63 62 64 66 65 70 68 79 72 77 79 84 83 80 83 98 90 94 93 92 95 99 
46 26 7 5 1 0 0 5 5 6 6 6 6 16 12 9 7 11 10 15 22 21 17 19 20 19 20 23 25 32 29 28 28 30 31 32 43 40 36 36 37 42 44 88 79 71 61 47 47 48 47 60 53 55 56 59 67 63 62 64 66 65 70 68 72 77 79 84 83 80 83 98 90 94 93 92 95 99 
46 26 7 5 1 0 0 5 5 6 6 6 6 12 9 7 11 10 16 15 22 21 17 19 20 19 20 23 25 32 29 28 28 30 31 32 43 40 36 36 37 42 44 88 79 71 61 47 47 48 47 60 53 55 56 59 67 63 62 64 66 65 70 68 72 77 79 84 83 80 83 98 90 94 93 92 95 99 
46 26 12 7 5 1 0 0 5 5 6 6 6 6 9 7 11 10 16 15 22 21 17 19 20 19 20 23 25 32 29 28 28 30 31 32 43 40 36 36 37 42 44 88 79 71 61 47 47 48 47 60 53 55 56 59 67 63 62 64 66 65 70 68 72 77 79 84 83 80 83 98 90 94 93 92 95 99 
Rotation not possible around 66
46 26 12 7 5 1 0 0 5 5 6 6 6 6 9 7 11 10 16 15 22 21 17 19 20 19 20 23 25 32 29 28 28 30 31 32 43 40 36 36 37 42 44 88 79 71 61 47 47 48 47 60 53 55 56 59 67 63 62 64 66 65 70 68 72 77 79 84 83 80 83 98 90 94 93 92 95 99 
46 26 12 7 5 1 0 0 5 5 6 6 6 6 9 7 11 10 16 15 22 21 17 19 20 19 20 23 25 32 29 28 28 30 31 32 43 40 36 36 37 42 44 88 79 71 61 47 47 48 47 60 53 55 56 59 67 63 62 64 66 65 70 68 77 72 79 84 83 80 83 98 90 94 93 92 95 99 
Rotation not possible around 80
46 26 12 7 5 1 0 0 5 5 6 6 6 6 9 7 11 10 16 15 22 21 17 19 20 19 20 23 25 32 29 28 28 30 31 32 43 40 36 36 37 42 44 88 79 71 61 47 47 48 47 60 53 55 56 59 67 63 62 64 66 65 70 68 77 72 79 84 83 80 83 98 90 94 93 92 95 99 
46 26 12 7 5 1 0 0 5 5 6 6 6 6 9 7 11 10 16 15 23 22 21 17 19 20 19 20 25 32 29 28 28 30 31 32 43 40 36 36 37 42 44 88 79 71 61 47 47 48 47 60 53 55 56 59 67 63 62 64 66 65 70 68 77 72 79 84 83 80 83 98 90 94 93 92 95 99 
Rotation not possible around 42
46 26 12 7 5 1 0 0 5 5 6 6 6 6 9 7 11 10 16 15 23 22 21 17 19 20 19 20 25 32 29 28 28 30 31 32 43 40 36 36 37 42 44 88 79 71 61 47 47 48 47 60 53 55 56 59 67 63 62 64 66 65 70 68 77 72 79 84 83 80 83 98 90 94 93 92 95 99 
46 12 7 5 1 0 0 5 5 6 6 6 6 9 7 11 10 26 16 15 23 22 21 17 19 20 19 20 25 32 29 28 28 30 31 32 43 40 36 36 37 42 44 88 79 71 61 47 47 48 47 60 53 55 56 59 67 63 62 64 66 65 70 68 77 72 79 84 83 80 83 98 90 94 93 92 95 99 
Rotation not possible around 92
46 12 7 5 1 0 0 5 5 6 6 6 6 9 7 11 10 26 16 15 23 22 21 17 19 20 19 20 25 32 29 28 28 30 31 32 43 40 36 36 37 42 44 88 79 71 61 47 47 48 47 60 53 55 56 59 67 63 62 64 66 65 70 68 77 72 79 84 83 80 83 98 90 94 93 92 95 99 
Rotation not possible around 93
46 12 7 5 1 0 0 5 5 6 6 6 6 9 7 11 10 26 16 15 23 22 21 17 19 20 19 20 25 32 29 28 28 30 31 32 43 40 36 36 37 42 44 88 79 71 61 47 47 48 47 60 53 55 56 59 67 63 62 64 66 65 70 68 77 72 79 84 83 80 83 98 90 94 93 92 95 99 
46 12 7 5 1 0 0 5 5 6 6 6 6 9 7 11 10 26 16 15 23 22 21 17 19 20 19 20 25 32 29 28 28 30 31 32 43 40 36 36 37 42 44 88 79 71 61 47 47 48 47 60 53 55 56 59 67 63 62 66 64 65 70 68 77 72 79 84 83 80 83 98 90 94 93 92 95 99 
46 12 7 5 1 0 0 5 5 6 6 6 6 9 7 11 10 26 16 15 23 22 21 17 19 20 19 20 25 32 29 28 28 30 31 32 43 36 40 36 37 42 44 88 79 71 61 47 47 48 47 60 53 55 56 59 67 63 62 66 64 65 70 68 77 72 79 84 83 80 83 98 90 94 93 92 95 99 
Rotation not possible around 0
46 12 7 5 1 0 0 5 5 6 6 6 6 9 7 11 10 26 16 15 23 22 21 17 19 20 19 20 25 32 29 28 28 30 31 32 43 36 40 36 37 42 44 88 79 71 61 47 47 48 47 60 53 55 56 59 67 63 62 66 64 65 70 68 77 72 79 84 83 80 83 98 90 94 93 92 95 99 
Rotation not possible around 65
46 12 7 5 1 0 0 5 5 6 6 6 6 9 7 11 10 26 16 15 23 22 21 17 19 20 19 20 25 32 29 28 28 30 31 32 43 36 40 36 37 42 44 88 79 71 61 47 47 48 47 60 53 55 56 59 67 63 62 66 64 65 70 68 77 72 79 84 83 80 83 98 90 94 93 92 95 99 
Rotation not possible around 44
46 12 7 5 1 0 0 5 5 6 6 6 6 9 7 11 10 26 16 15 23 22 21 17 19 20 19 20 25 32 29 28 28 30 31 32 43 36 40 36 37 42 44 88 79 71 61 47 47 48 47 60 53 55 56 59 67 63 62 66 64 65 70 68 77 72 79 84 83 80 83 98 90 94 93 92 95 99 
46 12 7 5 1 0 0 5 5 6 6 6 6 9 7 11 10 26 16 15 23 22 21 17 19 20 19 20 25 32 29 28 28 30 31 32 43 36 40 36 37 42 44 98 88 79 71 61 47 47 48 47 60 53 55 56 59 67 63 62 66 64 65 70 68 77 72 79 84 83 80 83 90 94 93 92 95 99 
46 12 7 5 1 0 0 5 5 6 6 6 6 9 7 11 10 26 16 15 23 22 21 17 19 20 19 20 25 32 29 28 28 30 31 32 43 36 40 36 37 42 44 98 88 79 71 61 47 47 48 47 60 53 55 56 59 67 63 62 66 64 65 70 68 77 72 79 84 80 83 83 90 94 93 92 95 99 
Rotation not possible around 19
46 12 7 5 1 0 0 5 5 6 6 6 6 9 7 11 10 26 16 15 23 22 21 17 19 20 19 20 25 32 29 28 28 30 31 32 43 36 40 36 37 42 44 98 88 79 71 61 47 47 48 47 60 53 55 56 59 67 63 62 66 64 65 70 68 77 72 79 84 80 83 83 90 94 93 92 95 99 
46 12 7 5 1 0 0 5 5 6 6 6 6 9 7 11 10 26 16 15 23 22 21 17 19 19 20 20 25 32 29 28 28 30 31 32 43 36 40 36 37 42 44 98 88 79 71 61 47 47 48 47 60 53 55 56 59 67 63 62 66 64 65 70 68 77 72 79 84 80 83 83 90 94 93 92 95 99 
46 12 7 5 1 0 0 5 5 6 6 6 6 9 7 10 11 26 16 15 23 22 21 17 19 19 20 20 25 32 29 28 28 30 31 32 43 36 40 36 37 42 44 98 88 79 71 61 47 47 48 47 60 53 55 56 59 67 63 62 66 64 65 70 68 77 72 79 84 80 83 83 90 94 93 92 95 99 
46 7 5 1 0 0 5 5 6 6 6 6 12 9 7 10 11 26 16 15 23 22 21 17 19 19 20 20 25 32 29 28 28 30 31 32 43 36 40 36 37 42 44 98 88 79 71 61 47 47 48 47 60 53 55 56 59 67 63 62 66 64 65 70 68 77 72 79 84 80 83 83 90 94 93 92 95 99 
46 7 5 1 0 0 5 5 6 6 6 6 12 9 7 10 11 26 16 15 23 22 21 17 19 19 20 20 25 32 32 29 28 28 30 31 43 36 40 36 37 42 44 98 88 79 71 61 47 47 48 47 60 53 55 56 59 67 63 62 66 64 65 70 68 77 72 79 84 80 83 83 90 94 93 92 95 99 
46 7 1 0 0 5 5 5 6 6 6 6 12 9 7 10 11 26 16 15 23 22 21 17 19 19 20 20 25 32 32 29 28 28 30 31 43 36 40 36 37 42 44 98 88 79 71 61 47 47 48 47 60 53 55 56 59 67 63 62 66 64 65 70 68 77 72 79 84 80 83 83 90 94 93 92 95 99 
46 7 1 0 0 5 5 5 6 6 6 6 12 9 7 10 11 26 16 15 23 22 21 17 19 19 20 20 25 32 32 29 28 28 30 31 43 36 40 36 37 42 44 98 88 79 71 61 47 47 48 47 60 53 55 56 59 67 63 62 66 64 65 70 68 77 72 79 84 80 83 83 90 93 92 94 95 99 
Rotation not possible around 90
46 7 1 0 0 5 5 5 6 6 6 6 12 9 7 10 11 26 16 15 23 22 21 17 19 19 20 20 25 32 32 29 28 28 30 31 43 36 40 36 37 42 44 98 88 79 71 61 47 47 48 47 60 53 55 56 59 67 63 62 66 64 65 70 68 77 72 79 84 80 83 83 90 93 92 94 95 99 
Rotation not possible around 62
46 7 1 0 0 5 5 5 6 6 6 6 12 9 7 10 11 26 16 15 23 22 21 17 19 19 20 20 25 32 32 29 28 28 30 31 43 36 40 36 37 42 44 98 88 79 71 61 47 47 48 47 60 53 55 56 59 67 63 62 66 64 65 70 68 77 72 79 84 80 83 83 90 93 92 94 95 99 
46 7 1 0 0 5 5 5 6 6 6 6 12 9 7 10 11 26 16 15 22 21 17 19 19 20 20 23 25 32 32 29 28 28 30 31 43 36 40 36 37 42 44 98 88 79 71 61 47 47 48 47 60 53 55 56 59 67 63 62 66 64 65 70 68 77 72 79 84 80 83 83 90 93 92 94 95 99 
