BST session 2 hidden testcases
==============================

TESTCASE 5:
INPUT:
29 9
63 15 34 55 56 37 12 46 62 31 11 81 61 87 77 45 91 30 93 6 75 20 68 82 36 88 9 5 73 
34
62
15
73
87
6
46
63
9

OUTPUT:
63 15 12 11 6 5 9 34 31 30 20 55 37 36 46 45 56 62 61 81 77 75 68 73 87 82 91 88 93 
34 15 12 11 6 5 9 31 30 20 63 55 37 36 46 45 56 62 61 81 77 75 68 73 87 82 91 88 93 
62 34 15 12 11 6 5 9 31 30 20 55 37 36 46 45 56 61 63 81 77 75 68 73 87 82 91 88 93 
15 12 11 6 5 9 62 34 31 30 20 55 37 36 46 45 56 61 63 81 77 75 68 73 87 82 91 88 93 
73 15 12 11 6 5 9 62 34 31 30 20 55 37 36 46 45 56 61 63 68 81 77 75 87 82 91 88 93 
87 73 15 12 11 6 5 9 62 34 31 30 20 55 37 36 46 45 56 61 63 68 81 77 75 82 91 88 93 
6 5 87 73 15 12 11 9 62 34 31 30 20 55 37 36 46 45 56 61 63 68 81 77 75 82 91 88 93 
46 6 5 15 12 11 9 34 31 30 20 37 36 45 87 73 62 55 56 61 63 68 81 77 75 82 91 88 93 
63 46 6 5 15 12 11 9 34 31 30 20 37 36 45 62 55 56 61 87 73 68 81 77 75 82 91 88 93 
9 6 5 63 46 15 12 11 34 31 30 20 37 36 45 62 55 56 61 87 73 68 81 77 75 82 91 88 93

TESTCASE 6:
INPUT:
50 6
91 85 26 68 44 59 43 94 80 65 11 3 28 24 50 72 8 0 96 93 12 7 58 92 31 99 76 87 66 67 35 88 79 29 81 41 77 23 38 19 60 42 75 53 37 71 17 36 70 49 
65
96
29
37
0
11

OUTPUT:
91 85 26 11 3 0 8 7 24 12 23 19 17 68 44 43 28 31 29 35 41 38 37 36 42 59 50 49 58 53 65 60 66 67 80 72 71 70 76 75 79 77 81 87 88 94 93 92 96 99 
65 26 11 3 0 8 7 24 12 23 19 17 44 43 28 31 29 35 41 38 37 36 42 59 50 49 58 53 60 91 85 68 66 67 80 72 71 70 76 75 79 77 81 87 88 94 93 92 96 99 
96 65 26 11 3 0 8 7 24 12 23 19 17 44 43 28 31 29 35 41 38 37 36 42 59 50 49 58 53 60 91 85 68 66 67 80 72 71 70 76 75 79 77 81 87 88 94 93 92 99 
29 26 11 3 0 8 7 24 12 23 19 17 28 96 65 44 43 31 35 41 38 37 36 42 59 50 49 58 53 60 91 85 68 66 67 80 72 71 70 76 75 79 77 81 87 88 94 93 92 99 
37 29 26 11 3 0 8 7 24 12 23 19 17 28 31 35 36 96 65 44 43 41 38 42 59 50 49 58 53 60 91 85 68 66 67 80 72 71 70 76 75 79 77 81 87 88 94 93 92 99 
0 37 29 26 11 3 8 7 24 12 23 19 17 28 31 35 36 96 65 44 43 41 38 42 59 50 49 58 53 60 91 85 68 66 67 80 72 71 70 76 75 79 77 81 87 88 94 93 92 99 
11 0 3 8 7 37 29 26 24 12 23 19 17 28 31 35 36 96 65 44 43 41 38 42 59 50 49 58 53 60 91 85 68 66 67 80 72 71 70 76 75 79 77 81 87 88 94 93 92 99

TESTCASE 7:
INPUT:
60 14
22 64 67 79 5 98 34 96 66 88 36 63 31 37 74 47 83 52 57 19 18 42 85 3 32 6 91 81 10 44 82 60 30 21 54 69 56 99 4 29 71 59 94 38 28 77 75 93 15 46 33 13 89 8 49 58 16 0 12 53 
34
4
75
46
29
56
52
31
12
96
16
44
79
13

OUTPUT:
22 5 3 0 4 19 18 6 10 8 15 13 12 16 21 64 34 31 30 29 28 32 33 36 63 37 47 42 38 44 46 52 49 57 54 53 56 60 59 58 67 66 79 74 69 71 77 75 98 96 88 83 81 82 85 91 89 94 93 99 
34 22 5 3 0 4 19 18 6 10 8 15 13 12 16 21 31 30 29 28 32 33 64 36 63 37 47 42 38 44 46 52 49 57 54 53 56 60 59 58 67 66 79 74 69 71 77 75 98 96 88 83 81 82 85 91 89 94 93 99 
4 3 0 34 22 5 19 18 6 10 8 15 13 12 16 21 31 30 29 28 32 33 64 36 63 37 47 42 38 44 46 52 49 57 54 53 56 60 59 58 67 66 79 74 69 71 77 75 98 96 88 83 81 82 85 91 89 94 93 99 
75 4 3 0 34 22 5 19 18 6 10 8 15 13 12 16 21 31 30 29 28 32 33 64 36 63 37 47 42 38 44 46 52 49 57 54 53 56 60 59 58 67 66 74 69 71 79 77 98 96 88 83 81 82 85 91 89 94 93 99 
46 4 3 0 34 22 5 19 18 6 10 8 15 13 12 16 21 31 30 29 28 32 33 36 37 42 38 44 75 64 63 47 52 49 57 54 53 56 60 59 58 67 66 74 69 71 79 77 98 96 88 83 81 82 85 91 89 94 93 99 
29 4 3 0 22 5 19 18 6 10 8 15 13 12 16 21 28 46 34 31 30 32 33 36 37 42 38 44 75 64 63 47 52 49 57 54 53 56 60 59 58 67 66 74 69 71 79 77 98 96 88 83 81 82 85 91 89 94 93 99 
56 29 4 3 0 22 5 19 18 6 10 8 15 13 12 16 21 28 46 34 31 30 32 33 36 37 42 38 44 47 52 49 54 53 75 64 63 57 60 59 58 67 66 74 69 71 79 77 98 96 88 83 81 82 85 91 89 94 93 99 
52 29 4 3 0 22 5 19 18 6 10 8 15 13 12 16 21 28 46 34 31 30 32 33 36 37 42 38 44 47 49 56 54 53 75 64 63 57 60 59 58 67 66 74 69 71 79 77 98 96 88 83 81 82 85 91 89 94 93 99 
31 29 4 3 0 22 5 19 18 6 10 8 15 13 12 16 21 28 30 52 46 34 32 33 36 37 42 38 44 47 49 56 54 53 75 64 63 57 60 59 58 67 66 74 69 71 79 77 98 96 88 83 81 82 85 91 89 94 93 99 
12 4 3 0 5 6 10 8 31 29 22 19 18 15 13 16 21 28 30 52 46 34 32 33 36 37 42 38 44 47 49 56 54 53 75 64 63 57 60 59 58 67 66 74 69 71 79 77 98 96 88 83 81 82 85 91 89 94 93 99 
96 12 4 3 0 5 6 10 8 31 29 22 19 18 15 13 16 21 28 30 52 46 34 32 33 36 37 42 38 44 47 49 56 54 53 75 64 63 57 60 59 58 67 66 74 69 71 79 77 88 83 81 82 85 91 89 94 93 98 99 
16 12 4 3 0 5 6 10 8 15 13 96 31 29 22 19 18 21 28 30 52 46 34 32 33 36 37 42 38 44 47 49 56 54 53 75 64 63 57 60 59 58 67 66 74 69 71 79 77 88 83 81 82 85 91 89 94 93 98 99 
44 16 12 4 3 0 5 6 10 8 15 13 31 29 22 19 18 21 28 30 34 32 33 36 37 42 38 96 52 46 47 49 56 54 53 75 64 63 57 60 59 58 67 66 74 69 71 79 77 88 83 81 82 85 91 89 94 93 98 99 
79 44 16 12 4 3 0 5 6 10 8 15 13 31 29 22 19 18 21 28 30 34 32 33 36 37 42 38 52 46 47 49 56 54 53 75 64 63 57 60 59 58 67 66 74 69 71 77 96 88 83 81 82 85 91 89 94 93 98 99 
13 12 4 3 0 5 6 10 8 79 44 16 15 31 29 22 19 18 21 28 30 34 32 33 36 37 42 38 52 46 47 49 56 54 53 75 64 63 57 60 59 58 67 66 74 69 71 77 96 88 83 81 82 85 91 89 94 93 98 99 

TESTCASE 8:
INPUT:
53 11
36 39 70 20 65 95 61 25 31 73 3 26 93 99 90 21 40 28 2 92 1 69 71 77 53 57 42 66 94 54 4 84 30 80 17 76 6 16 14 43 19 45 88 52 97 10 9 32 48 12 44 85 56 
88
31
39
53
76
48
90
1
28
73
36

OUTPUT:
36 20 3 2 1 4 17 6 16 14 10 9 12 19 25 21 31 26 28 30 32 39 70 65 61 40 53 42 43 45 44 52 48 57 54 56 69 66 95 73 71 93 90 77 76 84 80 88 85 92 94 99 97 
88 36 20 3 2 1 4 17 6 16 14 10 9 12 19 25 21 31 26 28 30 32 39 70 65 61 40 53 42 43 45 44 52 48 57 54 56 69 66 73 71 77 76 84 80 85 95 93 90 92 94 99 97 
31 20 3 2 1 4 17 6 16 14 10 9 12 19 25 21 26 28 30 88 36 32 39 70 65 61 40 53 42 43 45 44 52 48 57 54 56 69 66 73 71 77 76 84 80 85 95 93 90 92 94 99 97 
39 31 20 3 2 1 4 17 6 16 14 10 9 12 19 25 21 26 28 30 36 32 88 70 65 61 40 53 42 43 45 44 52 48 57 54 56 69 66 73 71 77 76 84 80 85 95 93 90 92 94 99 97 
53 39 31 20 3 2 1 4 17 6 16 14 10 9 12 19 25 21 26 28 30 36 32 40 42 43 45 44 52 48 88 70 65 61 57 54 56 69 66 73 71 77 76 84 80 85 95 93 90 92 94 99 97 
76 53 39 31 20 3 2 1 4 17 6 16 14 10 9 12 19 25 21 26 28 30 36 32 40 42 43 45 44 52 48 70 65 61 57 54 56 69 66 73 71 88 77 84 80 85 95 93 90 92 94 99 97 
48 39 31 20 3 2 1 4 17 6 16 14 10 9 12 19 25 21 26 28 30 36 32 40 42 43 45 44 76 53 52 70 65 61 57 54 56 69 66 73 71 88 77 84 80 85 95 93 90 92 94 99 97 
90 48 39 31 20 3 2 1 4 17 6 16 14 10 9 12 19 25 21 26 28 30 36 32 40 42 43 45 44 76 53 52 70 65 61 57 54 56 69 66 73 71 88 77 84 80 85 95 93 92 94 99 97 
1 90 48 39 31 20 3 2 4 17 6 16 14 10 9 12 19 25 21 26 28 30 36 32 40 42 43 45 44 76 53 52 70 65 61 57 54 56 69 66 73 71 88 77 84 80 85 95 93 92 94 99 97 
28 1 20 3 2 4 17 6 16 14 10 9 12 19 25 21 26 90 48 39 31 30 36 32 40 42 43 45 44 76 53 52 70 65 61 57 54 56 69 66 73 71 88 77 84 80 85 95 93 92 94 99 97 
73 28 1 20 3 2 4 17 6 16 14 10 9 12 19 25 21 26 48 39 31 30 36 32 40 42 43 45 44 53 52 70 65 61 57 54 56 69 66 71 90 76 88 77 84 80 85 95 93 92 94 99 97 
36 28 1 20 3 2 4 17 6 16 14 10 9 12 19 25 21 26 31 30 32 73 48 39 40 42 43 45 44 53 52 70 65 61 57 54 56 69 66 71 90 76 88 77 84 80 85 95 93 92 94 99 97

TESTCASE 9:
INPUT:
56 18
11 32 2 6 21 3 59 45 54 50 51 84 28 64 57 87 78 34 99 0 18 12 62 69 56 60 68 5 29 36 73 10 47 98 96 33 67 80 92 71 42 94 41 85 39 19 88 17 55 24 53 38 86 76 26 77 
60
21
2
96
50
45
98
18
64
19
11
42
77
0
39
73
99
34

OUTPUT:
11 2 0 6 3 5 10 32 21 18 12 17 19 28 24 26 29 59 45 34 33 36 42 41 39 38 54 50 47 51 53 57 56 55 84 64 62 60 78 69 68 67 73 71 76 77 80 87 85 86 99 98 96 92 88 94 
60 11 2 0 6 3 5 10 32 21 18 12 17 19 28 24 26 29 59 45 34 33 36 42 41 39 38 54 50 47 51 53 57 56 55 84 64 62 78 69 68 67 73 71 76 77 80 87 85 86 99 98 96 92 88 94 
21 11 2 0 6 3 5 10 18 12 17 19 60 32 28 24 26 29 59 45 34 33 36 42 41 39 38 54 50 47 51 53 57 56 55 84 64 62 78 69 68 67 73 71 76 77 80 87 85 86 99 98 96 92 88 94 
2 0 21 11 6 3 5 10 18 12 17 19 60 32 28 24 26 29 59 45 34 33 36 42 41 39 38 54 50 47 51 53 57 56 55 84 64 62 78 69 68 67 73 71 76 77 80 87 85 86 99 98 96 92 88 94 
96 2 0 21 11 6 3 5 10 18 12 17 19 60 32 28 24 26 29 59 45 34 33 36 42 41 39 38 54 50 47 51 53 57 56 55 84 64 62 78 69 68 67 73 71 76 77 80 87 85 86 92 88 94 99 98 
50 2 0 21 11 6 3 5 10 18 12 17 19 32 28 24 26 29 45 34 33 36 42 41 39 38 47 96 60 59 54 51 53 57 56 55 84 64 62 78 69 68 67 73 71 76 77 80 87 85 86 92 88 94 99 98 
45 2 0 21 11 6 3 5 10 18 12 17 19 32 28 24 26 29 34 33 36 42 41 39 38 50 47 96 60 59 54 51 53 57 56 55 84 64 62 78 69 68 67 73 71 76 77 80 87 85 86 92 88 94 99 98 
98 45 2 0 21 11 6 3 5 10 18 12 17 19 32 28 24 26 29 34 33 36 42 41 39 38 50 47 96 60 59 54 51 53 57 56 55 84 64 62 78 69 68 67 73 71 76 77 80 87 85 86 92 88 94 99 
18 2 0 11 6 3 5 10 12 17 98 45 21 19 32 28 24 26 29 34 33 36 42 41 39 38 50 47 96 60 59 54 51 53 57 56 55 84 64 62 78 69 68 67 73 71 76 77 80 87 85 86 92 88 94 99 
64 18 2 0 11 6 3 5 10 12 17 45 21 19 32 28 24 26 29 34 33 36 42 41 39 38 50 47 60 59 54 51 53 57 56 55 62 98 96 84 78 69 68 67 73 71 76 77 80 87 85 86 92 88 94 99 
19 18 2 0 11 6 3 5 10 12 17 64 45 21 32 28 24 26 29 34 33 36 42 41 39 38 50 47 60 59 54 51 53 57 56 55 62 98 96 84 78 69 68 67 73 71 76 77 80 87 85 86 92 88 94 99 
11 2 0 6 3 5 10 19 18 12 17 64 45 21 32 28 24 26 29 34 33 36 42 41 39 38 50 47 60 59 54 51 53 57 56 55 62 98 96 84 78 69 68 67 73 71 76 77 80 87 85 86 92 88 94 99 
42 11 2 0 6 3 5 10 19 18 12 17 21 32 28 24 26 29 34 33 36 41 39 38 64 45 50 47 60 59 54 51 53 57 56 55 62 98 96 84 78 69 68 67 73 71 76 77 80 87 85 86 92 88 94 99 
77 42 11 2 0 6 3 5 10 19 18 12 17 21 32 28 24 26 29 34 33 36 41 39 38 64 45 50 47 60 59 54 51 53 57 56 55 62 69 68 67 73 71 76 98 96 84 78 80 87 85 86 92 88 94 99 
0 77 42 11 2 6 3 5 10 19 18 12 17 21 32 28 24 26 29 34 33 36 41 39 38 64 45 50 47 60 59 54 51 53 57 56 55 62 69 68 67 73 71 76 98 96 84 78 80 87 85 86 92 88 94 99 
39 0 11 2 6 3 5 10 19 18 12 17 21 32 28 24 26 29 34 33 36 38 77 42 41 64 45 50 47 60 59 54 51 53 57 56 55 62 69 68 67 73 71 76 98 96 84 78 80 87 85 86 92 88 94 99 
73 39 0 11 2 6 3 5 10 19 18 12 17 21 32 28 24 26 29 34 33 36 38 42 41 64 45 50 47 60 59 54 51 53 57 56 55 62 69 68 67 71 77 76 98 96 84 78 80 87 85 86 92 88 94 99 
99 73 39 0 11 2 6 3 5 10 19 18 12 17 21 32 28 24 26 29 34 33 36 38 42 41 64 45 50 47 60 59 54 51 53 57 56 55 62 69 68 67 71 77 76 98 96 84 78 80 87 85 86 92 88 94 
34 0 11 2 6 3 5 10 19 18 12 17 21 32 28 24 26 29 33 99 73 39 36 38 42 41 64 45 50 47 60 59 54 51 53 57 56 55 62 69 68 67 71 77 76 98 96 84 78 80 87 85 86 92 88 94 

TESTCASE 10:
INPUT:
56 19
68 29 23 94 9 67 35 18 27 75 91 48 54 79 81 2 30 62 37 33 96 90 15 14 42 43 92 73 22 56 97 44 51 20 69 87 36 78 76 17 85 52 11 74 31 6 34 59 45 12 3 57 46 8 93 26 
54
96
43
18
22
20
6
2
30
3
46
68
17
23
48
62
73
33
15

OUTPUT:
68 29 23 9 2 6 3 8 18 15 14 11 12 17 22 20 27 26 67 35 30 33 31 34 48 37 36 42 43 44 45 46 54 51 52 62 56 59 57 94 75 73 69 74 91 79 78 76 81 90 87 85 92 93 96 97 
54 29 23 9 2 6 3 8 18 15 14 11 12 17 22 20 27 26 35 30 33 31 34 48 37 36 42 43 44 45 46 51 52 68 67 62 56 59 57 94 75 73 69 74 91 79 78 76 81 90 87 85 92 93 96 97 
96 54 29 23 9 2 6 3 8 18 15 14 11 12 17 22 20 27 26 35 30 33 31 34 48 37 36 42 43 44 45 46 51 52 68 67 62 56 59 57 94 75 73 69 74 91 79 78 76 81 90 87 85 92 93 97 
43 29 23 9 2 6 3 8 18 15 14 11 12 17 22 20 27 26 35 30 33 31 34 37 36 42 96 54 48 44 45 46 51 52 68 67 62 56 59 57 94 75 73 69 74 91 79 78 76 81 90 87 85 92 93 97 
18 9 2 6 3 8 15 14 11 12 17 43 29 23 22 20 27 26 35 30 33 31 34 37 36 42 96 54 48 44 45 46 51 52 68 67 62 56 59 57 94 75 73 69 74 91 79 78 76 81 90 87 85 92 93 97 
22 18 9 2 6 3 8 15 14 11 12 17 20 43 29 23 27 26 35 30 33 31 34 37 36 42 96 54 48 44 45 46 51 52 68 67 62 56 59 57 94 75 73 69 74 91 79 78 76 81 90 87 85 92 93 97 
20 18 9 2 6 3 8 15 14 11 12 17 22 43 29 23 27 26 35 30 33 31 34 37 36 42 96 54 48 44 45 46 51 52 68 67 62 56 59 57 94 75 73 69 74 91 79 78 76 81 90 87 85 92 93 97 
6 2 3 20 18 9 8 15 14 11 12 17 22 43 29 23 27 26 35 30 33 31 34 37 36 42 96 54 48 44 45 46 51 52 68 67 62 56 59 57 94 75 73 69 74 91 79 78 76 81 90 87 85 92 93 97 
2 6 3 20 18 9 8 15 14 11 12 17 22 43 29 23 27 26 35 30 33 31 34 37 36 42 96 54 48 44 45 46 51 52 68 67 62 56 59 57 94 75 73 69 74 91 79 78 76 81 90 87 85 92 93 97 
30 2 6 3 20 18 9 8 15 14 11 12 17 22 29 23 27 26 43 35 33 31 34 37 36 42 96 54 48 44 45 46 51 52 68 67 62 56 59 57 94 75 73 69 74 91 79 78 76 81 90 87 85 92 93 97 
3 2 30 6 20 18 9 8 15 14 11 12 17 22 29 23 27 26 43 35 33 31 34 37 36 42 96 54 48 44 45 46 51 52 68 67 62 56 59 57 94 75 73 69 74 91 79 78 76 81 90 87 85 92 93 97 
46 3 2 30 6 20 18 9 8 15 14 11 12 17 22 29 23 27 26 43 35 33 31 34 37 36 42 44 45 96 54 48 51 52 68 67 62 56 59 57 94 75 73 69 74 91 79 78 76 81 90 87 85 92 93 97 
68 46 3 2 30 6 20 18 9 8 15 14 11 12 17 22 29 23 27 26 43 35 33 31 34 37 36 42 44 45 54 48 51 52 67 62 56 59 57 96 94 75 73 69 74 91 79 78 76 81 90 87 85 92 93 97 
17 3 2 6 9 8 15 14 11 12 68 46 30 20 18 22 29 23 27 26 43 35 33 31 34 37 36 42 44 45 54 48 51 52 67 62 56 59 57 96 94 75 73 69 74 91 79 78 76 81 90 87 85 92 93 97 
23 17 3 2 6 9 8 15 14 11 12 20 18 22 68 46 30 29 27 26 43 35 33 31 34 37 36 42 44 45 54 48 51 52 67 62 56 59 57 96 94 75 73 69 74 91 79 78 76 81 90 87 85 92 93 97 
48 23 17 3 2 6 9 8 15 14 11 12 20 18 22 46 30 29 27 26 43 35 33 31 34 37 36 42 44 45 68 54 51 52 67 62 56 59 57 96 94 75 73 69 74 91 79 78 76 81 90 87 85 92 93 97 
62 48 23 17 3 2 6 9 8 15 14 11 12 20 18 22 46 30 29 27 26 43 35 33 31 34 37 36 42 44 45 54 51 52 56 59 57 68 67 96 94 75 73 69 74 91 79 78 76 81 90 87 85 92 93 97 
73 62 48 23 17 3 2 6 9 8 15 14 11 12 20 18 22 46 30 29 27 26 43 35 33 31 34 37 36 42 44 45 54 51 52 56 59 57 68 67 69 96 94 75 74 91 79 78 76 81 90 87 85 92 93 97 
33 23 17 3 2 6 9 8 15 14 11 12 20 18 22 30 29 27 26 31 73 62 48 46 43 35 34 37 36 42 44 45 54 51 52 56 59 57 68 67 69 96 94 75 74 91 79 78 76 81 90 87 85 92 93 97 
15 3 2 6 9 8 14 11 12 33 23 17 20 18 22 30 29 27 26 31 73 62 48 46 43 35 34 37 36 42 44 45 54 51 52 56 59 57 68 67 69 96 94 75 74 91 79 78 76 81 90 87 85 92 93 97 
